{
    "camera_angle_x": 1.3836716413497925,
    "far": 680.0,
    "frames": [
        {
            "file_path": "./dataset/train/0.png",
            "transform_matrix": [
                [
                    1.0,
                    0.0,
                    0.0,
                    0.0
                ],
                [
                    0.0,
                    1.0,
                    0.0,
                    60.0
                ],
                [
                    0.0,
                    0.0,
                    1.0,
                    -80.0
                ],
                [
                    0.0,
                    0.0,
                    0.0,
                    1.0
                ]
            ]
        },
        {
            "file_path": "./dataset/train/1.png",
            "transform_matrix": [
                [
                    0.9998477101325989,
                    0.0,
                    0.017452405765652657,
                    -6.28286600112915
                ],
                [
                    0.0,
                    1.0,
                    0.0,
                    60.0
                ],
                [
                    -0.017452405765652657,
                    0.0,
                    0.9998477101325989,
                    -79.94518280029297
                ],
                [
                    0.0,
                    0.0,
                    0.0,
                    1.0
                ]
            ]
        },
        {
            "file_path": "./dataset/train/2.png",
            "transform_matrix": [
                [
                    0.9993908405303955,
                    0.0,
                    0.03489949554204941,
                    -12.56381893157959
                ],
                [
                    0.0,
                    1.0,
                    0.0,
                    60.0
                ],
                [
                    -0.03489949554204941,
                    0.0,
                    0.9993908405303955,
                    -79.78070068359375
                ],
                [
                    0.0,
                    0.0,
                    0.0,
                    1.0
                ]
            ]
        },
        {
            "file_path": "./dataset/train/3.png",
            "transform_matrix": [
                [
                    0.9986295104026794,
                    0.0,
                    0.0523359589278698,
                    -18.840946197509766
                ],
                [
                    0.0,
                    1.0,
                    0.0,
                    60.0
                ],
                [
                    -0.0523359589278698,
                    0.0,
                    0.9986295104026794,
                    -79.50662994384766
                ],
                [
                    0.0,
                    0.0,
                    0.0,
                    1.0
                ]
            ]
        },
        {
            "file_path": "./dataset/train/4.png",
            "transform_matrix": [
                [
                    0.9975640773773193,
                    0.0,
                    0.06975647062063217,
                    -25.11233139038086
                ],
                [
                    0.0,
                    1.0,
                    0.0,
                    60.0
                ],
                [
                    -0.06975647062063217,
                    0.0,
                    0.9975640773773193,
                    -79.12306213378906
                ],
                [
                    0.0,
                    0.0,
                    0.0,
                    1.0
                ]
            ]
        },
        {
            "file_path": "./dataset/train/5.png",
            "transform_matrix": [
                [
                    0.9961947202682495,
                    0.0,
                    0.08715574443340302,
                    -31.376068115234375
                ],
                [
                    0.0,
                    1.0,
                    0.0,
                    60.0
                ],
                [
                    -0.08715574443340302,
                    0.0,
                    0.9961947202682495,
                    -78.63008880615234
                ],
                [
                    0.0,
                    0.0,
                    0.0,
                    1.0
                ]
            ]
        },
        {
            "file_path": "./dataset/train/6.png",
            "transform_matrix": [
                [
                    0.9945219159126282,
                    0.0,
                    0.10452846437692642,
                    -37.630245208740234
                ],
                [
                    0.0,
                    1.0,
                    0.0,
                    60.0
                ],
                [
                    -0.10452846437692642,
                    0.0,
                    0.9945219159126282,
                    -78.02787780761719
                ],
                [
                    0.0,
                    0.0,
                    0.0,
                    1.0
                ]
            ]
        },
        {
            "file_path": "./dataset/train/7.png",
            "transform_matrix": [
                [
                    0.9925461411476135,
                    0.0,
                    0.12186935544013977,
                    -43.87297058105469
                ],
                [
                    0.0,
                    1.0,
                    0.0,
                    60.0
                ],
                [
                    -0.12186935544013977,
                    0.0,
                    0.9925461411476135,
                    -77.3166275024414
                ],
                [
                    0.0,
                    0.0,
                    0.0,
                    1.0
                ]
            ]
        },
        {
            "file_path": "./dataset/train/8.png",
            "transform_matrix": [
                [
                    0.9902680516242981,
                    0.0,
                    0.13917310535907745,
                    -50.102317810058594
                ],
                [
                    0.0,
                    1.0,
                    0.0,
                    60.0
                ],
                [
                    -0.13917310535907745,
                    0.0,
                    0.9902680516242981,
                    -76.49649810791016
                ],
                [
                    0.0,
                    0.0,
                    0.0,
                    1.0
                ]
            ]
        },
        {
            "file_path": "./dataset/train/9.png",
            "transform_matrix": [
                [
                    0.9876883625984192,
                    0.0,
                    0.15643447637557983,
                    -56.31641387939453
                ],
                [
                    0.0,
                    1.0,
                    0.0,
                    60.0
                ],
                [
                    -0.15643447637557983,
                    0.0,
                    0.9876883625984192,
                    -75.56780242919922
                ],
                [
                    0.0,
                    0.0,
                    0.0,
                    1.0
                ]
            ]
        },
        {
            "file_path": "./dataset/train/10.png",
            "transform_matrix": [
                [
                    0.9848077297210693,
                    0.0,
                    0.1736481934785843,
                    -62.51335144042969
                ],
                [
                    0.0,
                    1.0,
                    0.0,
                    60.0
                ],
                [
                    -0.1736481934785843,
                    0.0,
                    0.9848077297210693,
                    -74.53077697753906
                ],
                [
                    0.0,
                    0.0,
                    0.0,
                    1.0
                ]
            ]
        },
        {
            "file_path": "./dataset/train/11.png",
            "transform_matrix": [
                [
                    0.9816271662712097,
                    0.0,
                    0.19080901145935059,
                    -68.69123840332031
                ],
                [
                    0.0,
                    1.0,
                    0.0,
                    60.0
                ],
                [
                    -0.19080901145935059,
                    0.0,
                    0.9816271662712097,
                    -73.38579559326172
                ],
                [
                    0.0,
                    0.0,
                    0.0,
                    1.0
                ]
            ]
        },
        {
            "file_path": "./dataset/train/12.png",
            "transform_matrix": [
                [
                    0.9781476259231567,
                    0.0,
                    0.20791170001029968,
                    -74.84821319580078
                ],
                [
                    0.0,
                    1.0,
                    0.0,
                    60.0
                ],
                [
                    -0.20791170001029968,
                    0.0,
                    0.9781476259231567,
                    -72.1331558227539
                ],
                [
                    0.0,
                    0.0,
                    0.0,
                    1.0
                ]
            ]
        },
        {
            "file_path": "./dataset/train/13.png",
            "transform_matrix": [
                [
                    0.9743700623512268,
                    0.0,
                    0.22495107352733612,
                    -80.98239135742188
                ],
                [
                    0.0,
                    1.0,
                    0.0,
                    60.0
                ],
                [
                    -0.22495107352733612,
                    0.0,
                    0.9743700623512268,
                    -70.7732162475586
                ],
                [
                    0.0,
                    0.0,
                    0.0,
                    1.0
                ]
            ]
        },
        {
            "file_path": "./dataset/train/14.png",
            "transform_matrix": [
                [
                    0.9702957272529602,
                    0.0,
                    0.24192191660404205,
                    -87.09188842773438
                ],
                [
                    0.0,
                    1.0,
                    0.0,
                    60.0
                ],
                [
                    -0.24192191660404205,
                    0.0,
                    0.9702957272529602,
                    -69.30645751953125
                ],
                [
                    0.0,
                    0.0,
                    0.0,
                    1.0
                ]
            ]
        },
        {
            "file_path": "./dataset/train/15.png",
            "transform_matrix": [
                [
                    0.9659258127212524,
                    0.0,
                    0.258819043636322,
                    -93.17485046386719
                ],
                [
                    0.0,
                    1.0,
                    0.0,
                    60.0
                ],
                [
                    -0.258819043636322,
                    0.0,
                    0.9659258127212524,
                    -67.73329162597656
                ],
                [
                    0.0,
                    0.0,
                    0.0,
                    1.0
                ]
            ]
        },
        {
            "file_path": "./dataset/train/16.png",
            "transform_matrix": [
                [
                    0.9612616896629333,
                    0.0,
                    0.27563735842704773,
                    -99.22944641113281
                ],
                [
                    0.0,
                    1.0,
                    0.0,
                    60.0
                ],
                [
                    -0.27563735842704773,
                    0.0,
                    0.9612616896629333,
                    -66.05419158935547
                ],
                [
                    0.0,
                    0.0,
                    0.0,
                    1.0
                ]
            ]
        },
        {
            "file_path": "./dataset/train/17.png",
            "transform_matrix": [
                [
                    0.9563047289848328,
                    0.0,
                    0.2923717200756073,
                    -105.25382232666016
                ],
                [
                    0.0,
                    1.0,
                    0.0,
                    60.0
                ],
                [
                    -0.2923717200756073,
                    0.0,
                    0.9563047289848328,
                    -64.26969909667969
                ],
                [
                    0.0,
                    0.0,
                    0.0,
                    1.0
                ]
            ]
        },
        {
            "file_path": "./dataset/train/18.png",
            "transform_matrix": [
                [
                    0.9510565400123596,
                    0.0,
                    0.30901700258255005,
                    -111.2461166381836
                ],
                [
                    0.0,
                    1.0,
                    0.0,
                    60.0
                ],
                [
                    -0.30901700258255005,
                    0.0,
                    0.9510565400123596,
                    -62.38036346435547
                ],
                [
                    0.0,
                    0.0,
                    0.0,
                    1.0
                ]
            ]
        },
        {
            "file_path": "./dataset/train/19.png",
            "transform_matrix": [
                [
                    0.9455185532569885,
                    0.0,
                    0.32556816935539246,
                    -117.20454406738281
                ],
                [
                    0.0,
                    1.0,
                    0.0,
                    60.0
                ],
                [
                    -0.32556816935539246,
                    0.0,
                    0.9455185532569885,
                    -60.386695861816406
                ],
                [
                    0.0,
                    0.0,
                    0.0,
                    1.0
                ]
            ]
        },
        {
            "file_path": "./dataset/train/20.png",
            "transform_matrix": [
                [
                    0.9396926164627075,
                    0.0,
                    0.3420201539993286,
                    -123.12725067138672
                ],
                [
                    0.0,
                    1.0,
                    0.0,
                    60.0
                ],
                [
                    -0.3420201539993286,
                    0.0,
                    0.9396926164627075,
                    -58.289329528808594
                ],
                [
                    0.0,
                    0.0,
                    0.0,
                    1.0
                ]
            ]
        },
        {
            "file_path": "./dataset/train/21.png",
            "transform_matrix": [
                [
                    0.9335803985595703,
                    0.0,
                    0.3583679497241974,
                    -129.01246643066406
                ],
                [
                    0.0,
                    1.0,
                    0.0,
                    60.0
                ],
                [
                    -0.3583679497241974,
                    0.0,
                    0.9335803985595703,
                    -56.088958740234375
                ],
                [
                    0.0,
                    0.0,
                    0.0,
                    1.0
                ]
            ]
        },
        {
            "file_path": "./dataset/train/22.png",
            "transform_matrix": [
                [
                    0.9271838665008545,
                    0.0,
                    0.3746066093444824,
                    -134.85836791992188
                ],
                [
                    0.0,
                    1.0,
                    0.0,
                    60.0
                ],
                [
                    -0.3746066093444824,
                    0.0,
                    0.9271838665008545,
                    -53.78619384765625
                ],
                [
                    0.0,
                    0.0,
                    0.0,
                    1.0
                ]
            ]
        },
        {
            "file_path": "./dataset/train/23.png",
            "transform_matrix": [
                [
                    0.9205048680305481,
                    0.0,
                    0.3907311260700226,
                    -140.6632080078125
                ],
                [
                    0.0,
                    1.0,
                    0.0,
                    60.0
                ],
                [
                    -0.3907311260700226,
                    0.0,
                    0.9205048680305481,
                    -51.381752014160156
                ],
                [
                    0.0,
                    0.0,
                    0.0,
                    1.0
                ]
            ]
        },
        {
            "file_path": "./dataset/train/24.png",
            "transform_matrix": [
                [
                    0.9135454297065735,
                    0.0,
                    0.4067366421222687,
                    -146.42520141601563
                ],
                [
                    0.0,
                    1.0,
                    0.0,
                    60.0
                ],
                [
                    -0.4067366421222687,
                    0.0,
                    0.9135454297065735,
                    -48.87635803222656
                ],
                [
                    0.0,
                    0.0,
                    0.0,
                    1.0
                ]
            ]
        },
        {
            "file_path": "./dataset/train/25.png",
            "transform_matrix": [
                [
                    0.9063077569007874,
                    0.0,
                    0.4226182699203491,
                    -152.142578125
                ],
                [
                    0.0,
                    1.0,
                    0.0,
                    60.0
                ],
                [
                    -0.4226182699203491,
                    0.0,
                    0.9063077569007874,
                    -46.27079772949219
                ],
                [
                    0.0,
                    0.0,
                    0.0,
                    1.0
                ]
            ]
        },
        {
            "file_path": "./dataset/train/26.png",
            "transform_matrix": [
                [
                    0.8987940549850464,
                    0.0,
                    0.4383711516857147,
                    -157.81361389160156
                ],
                [
                    0.0,
                    1.0,
                    0.0,
                    60.0
                ],
                [
                    -0.4383711516857147,
                    0.0,
                    0.8987940549850464,
                    -43.56586456298828
                ],
                [
                    0.0,
                    0.0,
                    0.0,
                    1.0
                ]
            ]
        },
        {
            "file_path": "./dataset/train/27.png",
            "transform_matrix": [
                [
                    0.8910065293312073,
                    0.0,
                    0.45399051904678345,
                    -163.43658447265625
                ],
                [
                    0.0,
                    1.0,
                    0.0,
                    60.0
                ],
                [
                    -0.45399051904678345,
                    0.0,
                    0.8910065293312073,
                    -40.762351989746094
                ],
                [
                    0.0,
                    0.0,
                    0.0,
                    1.0
                ]
            ]
        },
        {
            "file_path": "./dataset/train/28.png",
            "transform_matrix": [
                [
                    0.882947564125061,
                    0.0,
                    0.46947160363197327,
                    -169.009765625
                ],
                [
                    0.0,
                    1.0,
                    0.0,
                    60.0
                ],
                [
                    -0.46947160363197327,
                    0.0,
                    0.882947564125061,
                    -37.861114501953125
                ],
                [
                    0.0,
                    0.0,
                    0.0,
                    1.0
                ]
            ]
        },
        {
            "file_path": "./dataset/train/29.png",
            "transform_matrix": [
                [
                    0.874619722366333,
                    0.0,
                    0.48480960726737976,
                    -174.53146362304688
                ],
                [
                    0.0,
                    1.0,
                    0.0,
                    60.0
                ],
                [
                    -0.48480960726737976,
                    0.0,
                    0.874619722366333,
                    -34.86309814453125
                ],
                [
                    0.0,
                    0.0,
                    0.0,
                    1.0
                ]
            ]
        },
        {
            "file_path": "./dataset/train/30.png",
            "transform_matrix": [
                [
                    0.8660253882408142,
                    0.0,
                    0.5,
                    -180.0
                ],
                [
                    0.0,
                    1.0,
                    0.0,
                    60.0
                ],
                [
                    -0.5,
                    0.0,
                    0.8660253882408142,
                    -31.769134521484375
                ],
                [
                    0.0,
                    0.0,
                    0.0,
                    1.0
                ]
            ]
        },
        {
            "file_path": "./dataset/train/31.png",
            "transform_matrix": [
                [
                    0.8571673035621643,
                    0.0,
                    0.5150381326675415,
                    -185.41372680664063
                ],
                [
                    0.0,
                    1.0,
                    0.0,
                    60.0
                ],
                [
                    -0.5150381326675415,
                    0.0,
                    0.8571673035621643,
                    -28.580238342285156
                ],
                [
                    0.0,
                    0.0,
                    0.0,
                    1.0
                ]
            ]
        },
        {
            "file_path": "./dataset/train/32.png",
            "transform_matrix": [
                [
                    0.8480480909347534,
                    0.0,
                    0.5299192667007446,
                    -190.77093505859375
                ],
                [
                    0.0,
                    1.0,
                    0.0,
                    60.0
                ],
                [
                    -0.5299192667007446,
                    0.0,
                    0.8480480909347534,
                    -25.29730987548828
                ],
                [
                    0.0,
                    0.0,
                    0.0,
                    1.0
                ]
            ]
        },
        {
            "file_path": "./dataset/train/33.png",
            "transform_matrix": [
                [
                    0.838670551776886,
                    0.0,
                    0.5446390509605408,
                    -196.07005310058594
                ],
                [
                    0.0,
                    1.0,
                    0.0,
                    60.0
                ],
                [
                    -0.5446390509605408,
                    0.0,
                    0.838670551776886,
                    -21.921401977539063
                ],
                [
                    0.0,
                    0.0,
                    0.0,
                    1.0
                ]
            ]
        },
        {
            "file_path": "./dataset/train/34.png",
            "transform_matrix": [
                [
                    0.8290375471115112,
                    0.0,
                    0.559192955493927,
                    -201.3094482421875
                ],
                [
                    0.0,
                    1.0,
                    0.0,
                    60.0
                ],
                [
                    -0.559192955493927,
                    0.0,
                    0.8290375471115112,
                    -18.453514099121094
                ],
                [
                    0.0,
                    0.0,
                    0.0,
                    1.0
                ]
            ]
        },
        {
            "file_path": "./dataset/train/35.png",
            "transform_matrix": [
                [
                    0.8191519975662231,
                    0.0,
                    0.5735765099525452,
                    -206.487548828125
                ],
                [
                    0.0,
                    1.0,
                    0.0,
                    60.0
                ],
                [
                    -0.5735765099525452,
                    0.0,
                    0.8191519975662231,
                    -14.894721984863281
                ],
                [
                    0.0,
                    0.0,
                    0.0,
                    1.0
                ]
            ]
        },
        {
            "file_path": "./dataset/train/36.png",
            "transform_matrix": [
                [
                    0.80901700258255,
                    0.0,
                    0.5877852439880371,
                    -211.60269165039063
                ],
                [
                    0.0,
                    1.0,
                    0.0,
                    60.0
                ],
                [
                    -0.5877852439880371,
                    0.0,
                    0.80901700258255,
                    -11.246124267578125
                ],
                [
                    0.0,
                    0.0,
                    0.0,
                    1.0
                ]
            ]
        },
        {
            "file_path": "./dataset/train/37.png",
            "transform_matrix": [
                [
                    0.7986354827880859,
                    0.0,
                    0.6018150448799133,
                    -216.65341186523438
                ],
                [
                    0.0,
                    1.0,
                    0.0,
                    60.0
                ],
                [
                    -0.6018150448799133,
                    0.0,
                    0.7986354827880859,
                    -7.5087738037109375
                ],
                [
                    0.0,
                    0.0,
                    0.0,
                    1.0
                ]
            ]
        },
        {
            "file_path": "./dataset/train/38.png",
            "transform_matrix": [
                [
                    0.7880107760429382,
                    0.0,
                    0.6156615018844604,
                    -221.63815307617188
                ],
                [
                    0.0,
                    1.0,
                    0.0,
                    60.0
                ],
                [
                    -0.6156615018844604,
                    0.0,
                    0.7880107760429382,
                    -3.6838836669921875
                ],
                [
                    0.0,
                    0.0,
                    0.0,
                    1.0
                ]
            ]
        },
        {
            "file_path": "./dataset/train/39.png",
            "transform_matrix": [
                [
                    0.7771459221839905,
                    0.0,
                    0.6293203830718994,
                    -226.55532836914063
                ],
                [
                    0.0,
                    1.0,
                    0.0,
                    60.0
                ],
                [
                    -0.6293203830718994,
                    0.0,
                    0.7771459221839905,
                    0.22746658325195313
                ],
                [
                    0.0,
                    0.0,
                    0.0,
                    1.0
                ]
            ]
        },
        {
            "file_path": "./dataset/train/40.png",
            "transform_matrix": [
                [
                    0.7660444378852844,
                    0.0,
                    0.6427876353263855,
                    -231.403564453125
                ],
                [
                    0.0,
                    1.0,
                    0.0,
                    60.0
                ],
                [
                    -0.6427876353263855,
                    0.0,
                    0.7660444378852844,
                    4.2239990234375
                ],
                [
                    0.0,
                    0.0,
                    0.0,
                    1.0
                ]
            ]
        },
        {
            "file_path": "./dataset/train/41.png",
            "transform_matrix": [
                [
                    0.7547096014022827,
                    0.0,
                    0.6560590267181396,
                    -236.18125915527344
                ],
                [
                    0.0,
                    1.0,
                    0.0,
                    60.0
                ],
                [
                    -0.6560590267181396,
                    0.0,
                    0.7547096014022827,
                    8.304534912109375
                ],
                [
                    0.0,
                    0.0,
                    0.0,
                    1.0
                ]
            ]
        },
        {
            "file_path": "./dataset/train/42.png",
            "transform_matrix": [
                [
                    0.7431448101997375,
                    0.0,
                    0.6691306233406067,
                    -240.88702392578125
                ],
                [
                    0.0,
                    1.0,
                    0.0,
                    60.0
                ],
                [
                    -0.6691306233406067,
                    0.0,
                    0.7431448101997375,
                    12.467864990234375
                ],
                [
                    0.0,
                    0.0,
                    0.0,
                    1.0
                ]
            ]
        },
        {
            "file_path": "./dataset/train/43.png",
            "transform_matrix": [
                [
                    0.7313537001609802,
                    0.0,
                    0.6819983720779419,
                    -245.5194091796875
                ],
                [
                    0.0,
                    1.0,
                    0.0,
                    60.0
                ],
                [
                    -0.6819983720779419,
                    0.0,
                    0.7313537001609802,
                    16.712665557861328
                ],
                [
                    0.0,
                    0.0,
                    0.0,
                    1.0
                ]
            ]
        },
        {
            "file_path": "./dataset/train/44.png",
            "transform_matrix": [
                [
                    0.7193397283554077,
                    0.0,
                    0.6946583986282349,
                    -250.0770263671875
                ],
                [
                    0.0,
                    1.0,
                    0.0,
                    60.0
                ],
                [
                    -0.6946583986282349,
                    0.0,
                    0.7193397283554077,
                    21.037689208984375
                ],
                [
                    0.0,
                    0.0,
                    0.0,
                    1.0
                ]
            ]
        },
        {
            "file_path": "./dataset/train/45.png",
            "transform_matrix": [
                [
                    0.7071067690849304,
                    0.0,
                    0.7071067690849304,
                    -254.55844116210938
                ],
                [
                    0.0,
                    1.0,
                    0.0,
                    60.0
                ],
                [
                    -0.7071067690849304,
                    0.0,
                    0.7071067690849304,
                    25.441558837890625
                ],
                [
                    0.0,
                    0.0,
                    0.0,
                    1.0
                ]
            ]
        },
        {
            "file_path": "./dataset/train/46.png",
            "transform_matrix": [
                [
                    0.6946583986282349,
                    0.0,
                    0.7193397879600525,
                    -258.96234130859375
                ],
                [
                    0.0,
                    1.0,
                    0.0,
                    60.0
                ],
                [
                    -0.7193397879600525,
                    0.0,
                    0.6946583986282349,
                    29.92298126220703
                ],
                [
                    0.0,
                    0.0,
                    0.0,
                    1.0
                ]
            ]
        },
        {
            "file_path": "./dataset/train/47.png",
            "transform_matrix": [
                [
                    0.6819983124732971,
                    0.0,
                    0.731353759765625,
                    -263.287353515625
                ],
                [
                    0.0,
                    1.0,
                    0.0,
                    60.0
                ],
                [
                    -0.731353759765625,
                    0.0,
                    0.6819983124732971,
                    34.4806022644043
                ],
                [
                    0.0,
                    0.0,
                    0.0,
                    1.0
                ]
            ]
        },
        {
            "file_path": "./dataset/train/48.png",
            "transform_matrix": [
                [
                    0.6691305637359619,
                    0.0,
                    0.7431448698043823,
                    -267.53216552734375
                ],
                [
                    0.0,
                    1.0,
                    0.0,
                    60.0
                ],
                [
                    -0.7431448698043823,
                    0.0,
                    0.6691305637359619,
                    39.11300277709961
                ],
                [
                    0.0,
                    0.0,
                    0.0,
                    1.0
                ]
            ]
        },
        {
            "file_path": "./dataset/train/49.png",
            "transform_matrix": [
                [
                    0.6560590267181396,
                    0.0,
                    0.7547096014022827,
                    -271.6954650878906
                ],
                [
                    0.0,
                    1.0,
                    0.0,
                    60.0
                ],
                [
                    -0.7547096014022827,
                    0.0,
                    0.6560590267181396,
                    43.81874465942383
                ],
                [
                    0.0,
                    0.0,
                    0.0,
                    1.0
                ]
            ]
        },
        {
            "file_path": "./dataset/train/50.png",
            "transform_matrix": [
                [
                    0.6427876353263855,
                    0.0,
                    0.7660444378852844,
                    -275.7760009765625
                ],
                [
                    0.0,
                    1.0,
                    0.0,
                    60.0
                ],
                [
                    -0.7660444378852844,
                    0.0,
                    0.6427876353263855,
                    48.59644317626953
                ],
                [
                    0.0,
                    0.0,
                    0.0,
                    1.0
                ]
            ]
        },
        {
            "file_path": "./dataset/train/51.png",
            "transform_matrix": [
                [
                    0.6293203234672546,
                    0.0,
                    0.77714604139328,
                    -279.7725830078125
                ],
                [
                    0.0,
                    1.0,
                    0.0,
                    60.0
                ],
                [
                    -0.77714604139328,
                    0.0,
                    0.6293203234672546,
                    53.44468688964844
                ],
                [
                    0.0,
                    0.0,
                    0.0,
                    1.0
                ]
            ]
        },
        {
            "file_path": "./dataset/train/52.png",
            "transform_matrix": [
                [
                    0.6156614422798157,
                    0.0,
                    0.7880107760429382,
                    -283.68389892578125
                ],
                [
                    0.0,
                    1.0,
                    0.0,
                    60.0
                ],
                [
                    -0.7880107760429382,
                    0.0,
                    0.6156614422798157,
                    58.36187744140625
                ],
                [
                    0.0,
                    0.0,
                    0.0,
                    1.0
                ]
            ]
        },
        {
